914944
914946
914949
914947
914951
914945
914953
914948
914955
914952
914957
914956
914959
914950
914954
914962
914958
914964
914961
914966
914963
914968
914960
914969
914965
914972
914967
914974
914971
914976
914970
914978
914973
914980
914975
914982
914977
914984
914979
914986
914981
914988
914983
914989
914985
914992
914987
914994
914991
914996
914990
914998
914993
915000
914995
914901
914999
914903
914997
914905
914900
914907
914902
914909
914904
914911
914906
914913
914908
914910
914915
914912
914918
914914
914920
914916
914922
914917
914923
914919
914926
914921
914928
914924
914930
914925
914932
914927
914934
914929
914936
914931
914938
914933
914940
914935
914942
914937
914939
914941
914943
